0 || 0 || 198311.95740713805 || (X/X)/X+X
1 || 1 || 193427.9889952333 || (X/X)*X+X
2 || 10 || 2224.9812999997803 || (X*X)*X+X
3 || 49 || 37.013513513513516 || (X*X)*X+X*X
4 || 82 || 37.013513513513516 || X*X+X^3
5 || 86 || 37.013513513513516 || (X*X)*X+X*X
6 || 104 || 37.013513513513516 || X*X+X^3
7 || 179 || 37.013513513513516 || X^3+X*X
8 || 191 || 37.013513513513516 || X*X+X^3
9 || 210 || 37.013513513513516 || X^3+X*X
10 || 222 || 37.013513513513516 || X*X+X^3
11 || 263 || 37.013513513513516 || X^3+X*X
12 || 302 || 37.013513513513516 || X*X+X^3
13 || 335 || 37.013513513513516 || X^3+X*X
14 || 622 || 37.013513513513516 || X*X+X^3
15 || 634 || 37.013513513513516 || X^3+X^2
16 || 710 || 37.013513513513516 || X*X+X^3
17 || 862 || 37.013513513513516 || X^3+X^2
18 || 943 || 37.013513513513516 || X*X+X^3
19 || 996 || 37.013513513513516 || X^3+X*X
20 || 1002 || 37.013513513513516 || X^3+X^2
21 || 1015 || 37.013513513513516 || X^3+X*X
22 || 1025 || 37.013513513513516 || X^3+X^2
23 || 1137 || 37.013513513513516 || X^3+X*X
24 || 1270 || 37.013513513513516 || X^3+X^2
25 || 1289 || 37.013513513513516 || X^3+X*X
26 || 1431 || 37.013513513513516 || X^3+X^2
27 || 1435 || 37.013513513513516 || X^3+X*X
28 || 1437 || 37.013513513513516 || X^3+X^2
29 || 1440 || 37.013513513513516 || X^3+X*X
30 || 1471 || 37.013513513513516 || X^3+X^2
31 || 1493 || 37.013513513513516 || X^3+X*X
32 || 1504 || 37.013513513513516 || X^3+X^2
33 || 1518 || 37.013513513513516 || X^3+X*X
34 || 1519 || 37.013513513513516 || X^3+X^2
35 || 1520 || 37.013513513513516 || X^3+X*X
36 || 1545 || 37.013513513513516 || X^3+X^2
37 || 1558 || 37.013513513513516 || X^3+X*X
38 || 1584 || 37.013513513513516 || X^3+X^2
39 || 1616 || 37.013513513513516 || X^3+X*X
40 || 1623 || 37.013513513513516 || X^3+X^2
41 || 1627 || 37.013513513513516 || X^3+X*X
42 || 1712 || 37.013513513513516 || X^3+X^2
43 || 1716 || 37.013513513513516 || X^3+X*X
44 || 1730 || 37.013513513513516 || X^3+X^2
45 || 1742 || 37.013513513513516 || X^3+X*X
46 || 1745 || 37.013513513513516 || X^3+X^2
47 || 1746 || 37.013513513513516 || X^3+X*X
48 || 1759 || 37.013513513513516 || X^3+X^2
49 || 1884 || 37.013513513513516 || X^3+X*X
50 || 1889 || 37.013513513513516 || X^3+X^2
51 || 1891 || 37.013513513513516 || X^3+X*X
52 || 1954 || 37.013513513513516 || X^3+X^2
53 || 1955 || 37.013513513513516 || X^3+X*X
54 || 1958 || 37.013513513513516 || X^3+X^2
55 || 1960 || 37.013513513513516 || X^3+X*X
56 || 1963 || 37.013513513513516 || X^3+X^2
57 || 1965 || 37.013513513513516 || X^3+X*X
58 || 1977 || 37.013513513513516 || X^3+X^2
59 || 1981 || 37.013513513513516 || X^3+X*X
60 || 1984 || 37.013513513513516 || X^3+X^2
61 || 1997 || 37.013513513513516 || X^3+X*X
62 || 2001 || 37.013513513513516 || X^3+X^2
63 || 2003 || 37.013513513513516 || X^3+X*X
64 || 2009 || 37.013513513513516 || X^3+X^2
65 || 2030 || 37.013513513513516 || X^3+X*X
66 || 2032 || 37.013513513513516 || X^3+X^2
67 || 2033 || 37.013513513513516 || X^3+X*X
68 || 2040 || 37.013513513513516 || X^3+X^2
69 || 2207 || 37.013513513513516 || X^3+X*X
70 || 2208 || 37.013513513513516 || X^3+X^2
71 || 2212 || 37.013513513513516 || X^3+X*X
72 || 2219 || 37.013513513513516 || X^3+X^2
73 || 2232 || 37.013513513513516 || X^3+X*X
74 || 2238 || 37.013513513513516 || X^3+X^2
75 || 2239 || 37.013513513513516 || X^3+X*X
76 || 2240 || 37.013513513513516 || X^3+X^2
77 || 2245 || 37.013513513513516 || X^3+X*X
78 || 2246 || 37.013513513513516 || X^3+X^2
79 || 2273 || 37.013513513513516 || X^3+X*X
80 || 2289 || 37.013513513513516 || X^3+X^2
81 || 2318 || 37.013513513513516 || X^3+X*X
82 || 2319 || 37.013513513513516 || X^3+X^2
83 || 2332 || 37.013513513513516 || X^3+X*X
84 || 2351 || 37.013513513513516 || X^3+X^2
85 || 2353 || 37.013513513513516 || X^3+X*X
86 || 2355 || 37.013513513513516 || X^3+X^2
87 || 2374 || 37.013513513513516 || X^3+X*X
88 || 2375 || 37.013513513513516 || X^3+X^2
89 || 2378 || 37.013513513513516 || X^3+X*X
90 || 2384 || 37.013513513513516 || X^3+X^2
91 || 2403 || 37.013513513513516 || X^3+X*X
92 || 2419 || 37.013513513513516 || X^3+X^2
93 || 2440 || 37.013513513513516 || X^3+X*X
94 || 2442 || 37.013513513513516 || X^3+X^2
95 || 2446 || 37.013513513513516 || X^3+X*X
96 || 2451 || 37.013513513513516 || X^3+X^2
97 || 2465 || 37.013513513513516 || X^3+X*X
98 || 2477 || 37.013513513513516 || X^3+X^2
99 || 2479 || 37.013513513513516 || X^3+X*X
100 || 2543 || 37.013513513513516 || X^3+X^2
101 || 2545 || 37.013513513513516 || X^3+X*X
102 || 2566 || 37.013513513513516 || X^3+X^2
103 || 2569 || 37.013513513513516 || X^3+X*X
104 || 2580 || 37.013513513513516 || X^3+X^2
105 || 2591 || 37.013513513513516 || X^3+X*X
106 || 2594 || 37.013513513513516 || X^3+X^2
107 || 2598 || 37.013513513513516 || X^3+X*X
108 || 2601 || 37.013513513513516 || X^3+X^2
109 || 2608 || 37.013513513513516 || X^3+X*X
110 || 2614 || 37.013513513513516 || X^3+X^2
111 || 2615 || 37.013513513513516 || X^3+X*X
112 || 2622 || 37.013513513513516 || X^3+X^2
113 || 2624 || 37.013513513513516 || X^3+X*X
114 || 2625 || 37.013513513513516 || X^3+X^2
115 || 2635 || 37.013513513513516 || X^3+X*X
116 || 2721 || 37.013513513513516 || X^3+X^2
117 || 2893 || 37.013513513513516 || X^3+X*X
118 || 3009 || 37.013513513513516 || X^3+X^2
119 || 3016 || 37.013513513513516 || X^3+X*X
120 || 3026 || 37.013513513513516 || X^3+X^2
121 || 3038 || 37.013513513513516 || X^3+X*X
122 || 3097 || 37.013513513513516 || X^3+X^2
123 || 3101 || 37.013513513513516 || X^3+X*X
124 || 3102 || 37.013513513513516 || X^3+X^2
125 || 3109 || 37.013513513513516 || X^3+X*X
126 || 3111 || 37.013513513513516 || X^3+X^2
127 || 3193 || 37.013513513513516 || X^3+X*X
128 || 3253 || 37.013513513513516 || X^3+X^2
129 || 3257 || 37.013513513513516 || X^3+X*X
130 || 3258 || 37.013513513513516 || X^3+X^2
131 || 3262 || 37.013513513513516 || X^3+X*X
132 || 3420 || 37.013513513513516 || X^3+X^2
133 || 3436 || 37.013513513513516 || X^3+X*X
134 || 3441 || 37.013513513513516 || X^3+X^2
135 || 3443 || 37.013513513513516 || X^3+X*X
136 || 3445 || 37.013513513513516 || X^3+X^2
137 || 3449 || 37.013513513513516 || X^3+X*X
138 || 3480 || 37.013513513513516 || X^3+X^2
139 || 3482 || 37.013513513513516 || X^3+X*X
140 || 3484 || 37.013513513513516 || X^3+X^2
141 || 3485 || 37.013513513513516 || X^3+X*X
142 || 3504 || 37.013513513513516 || X^3+X^2
143 || 3506 || 37.013513513513516 || X^3+X*X
144 || 3512 || 37.013513513513516 || X^3+X^2
145 || 3572 || 37.013513513513516 || X^3+X*X
146 || 3637 || 37.013513513513516 || X^3+X^2
147 || 3643 || 37.013513513513516 || X^3+X*X
148 || 3648 || 37.013513513513516 || X^3+X^2
149 || 3659 || 37.013513513513516 || X^3+X*X
150 || 3674 || 37.013513513513516 || X^3+X^2
151 || 3804 || 37.013513513513516 || X^3+X*X
152 || 3909 || 37.013513513513516 || X^3+X^2
153 || 3942 || 37.013513513513516 || X^3+X*X
154 || 3946 || 37.013513513513516 || X^3+X^2
155 || 3987 || 37.013513513513516 || X^3+X*X
156 || 4002 || 37.013513513513516 || X^3+X^2
157 || 4024 || 37.013513513513516 || X^3+X*X
158 || 4169 || 37.013513513513516 || X^3+X^2
159 || 4170 || 37.013513513513516 || X^3+X*X
160 || 4189 || 37.013513513513516 || X^3+X^2
161 || 4192 || 37.013513513513516 || X^3+X*X
162 || 4203 || 37.013513513513516 || X^3+X^2
163 || 4206 || 37.013513513513516 || X^3+X*X
164 || 4215 || 37.013513513513516 || X^3+X^2
165 || 4218 || 37.013513513513516 || X^3+X*X
166 || 4222 || 37.013513513513516 || X^3+X^2
167 || 4231 || 37.013513513513516 || X^3+X*X
168 || 4238 || 37.013513513513516 || X^3+X^2
169 || 4271 || 37.013513513513516 || X^3+X*X
170 || 4277 || 37.013513513513516 || X^3+X^2
171 || 4282 || 37.013513513513516 || X^3+X*X
172 || 4285 || 37.013513513513516 || X^3+X^2
173 || 4295 || 37.013513513513516 || X^3+X*X
174 || 4312 || 37.013513513513516 || X^3+X^2
175 || 4313 || 37.013513513513516 || X^3+X*X
176 || 4337 || 37.013513513513516 || X^3+X^2
177 || 4341 || 37.013513513513516 || X^3+X*X
178 || 4408 || 37.013513513513516 || X^3+X^2
179 || 4415 || 37.013513513513516 || X^3+X*X
180 || 4421 || 37.013513513513516 || X^3+X^2
181 || 4429 || 37.013513513513516 || X^3+X*X
182 || 4432 || 37.013513513513516 || X^3+X^2
183 || 4445 || 37.013513513513516 || X^3+X*X
184 || 4447 || 37.013513513513516 || X^3+X^2
185 || 4451 || 37.013513513513516 || X^3+X*X
186 || 4473 || 37.013513513513516 || X^3+X^2
187 || 4480 || 37.013513513513516 || X^3+X*X
188 || 4498 || 37.013513513513516 || X^3+X^2
189 || 4501 || 37.013513513513516 || X^3+X*X
190 || 4502 || 37.013513513513516 || X^3+X^2
191 || 4503 || 37.013513513513516 || X^3+X*X
192 || 4504 || 37.013513513513516 || X^3+X^2
193 || 4507 || 37.013513513513516 || X^3+X*X
194 || 4534 || 37.013513513513516 || X^3+X^2
195 || 4536 || 37.013513513513516 || X^3+X*X
196 || 4542 || 37.013513513513516 || X^3+X^2
197 || 4548 || 37.013513513513516 || X^3+X*X
198 || 4549 || 37.013513513513516 || X^3+X^2
199 || 4552 || 37.013513513513516 || X^3+X*X
200 || 4558 || 37.013513513513516 || X^3+X^2
201 || 4562 || 37.013513513513516 || X^3+X*X
202 || 4569 || 37.013513513513516 || X^3+X^2
203 || 4574 || 37.013513513513516 || X^3+X*X
204 || 4577 || 37.013513513513516 || X^3+X^2
205 || 4601 || 37.013513513513516 || X^3+X*X
206 || 4604 || 37.013513513513516 || X^3+X^2
207 || 4609 || 37.013513513513516 || X^3+X*X
208 || 4628 || 37.013513513513516 || X^3+X^2
209 || 4631 || 37.013513513513516 || X^3+X*X
210 || 4636 || 37.013513513513516 || X^3+X^2
211 || 4666 || 37.013513513513516 || X^3+X*X
212 || 4697 || 37.013513513513516 || X^3+X^2
213 || 4698 || 37.013513513513516 || X^3+X*X
214 || 4800 || 37.013513513513516 || X^3+X^2
215 || 4827 || 37.013513513513516 || X^3+X*X
216 || 4832 || 37.013513513513516 || X^3+X^2
217 || 4835 || 37.013513513513516 || X^3+X*X
218 || 4836 || 37.013513513513516 || X^3+X^2
219 || 4837 || 37.013513513513516 || X^3+X*X
220 || 4842 || 37.013513513513516 || X^3+X^2
221 || 4843 || 37.013513513513516 || X^3+X*X
222 || 4851 || 37.013513513513516 || X^3+X^2
223 || 4859 || 37.013513513513516 || X^3+X*X
224 || 4875 || 37.013513513513516 || X^3+X^2
225 || 4892 || 37.013513513513516 || X^3+X*X
226 || 4899 || 37.013513513513516 || X^3+X^2
227 || 4901 || 37.013513513513516 || X^3+X*X
228 || 4905 || 37.013513513513516 || X^3+X^2
229 || 4906 || 37.013513513513516 || X^3+X*X
230 || 4953 || 37.013513513513516 || X^3+X^2
231 || 4957 || 37.013513513513516 || X^3+X*X
232 || 4966 || 37.013513513513516 || X^3+X^2
233 || 4967 || 37.013513513513516 || X^3+X*X
234 || 4969 || 37.013513513513516 || X^3+X^2
235 || 4971 || 37.013513513513516 || X^3+X*X
236 || 4999 || 37.0135135135135 || X*X+X^4/X
target: X^3+(X^2+X)